          23         142          12          10           2           2           4
   1.7000000000000000     
   2.1000000000000001     
   2.2999999999999998     
   2.5000000000000000     
   2.6499999999999999     
   2.7999999999999998     
   2.8999999999999999     
   3.0000000000000000     
   3.1000000000000001     
   3.1499999999999999     
   3.2999999999999998     
   3.4500000000000002     
   3.6000000000000001     
   3.7500000000000000     
   3.8999999999999999     
   4.0999999999999996     
   4.2999999999999998     
   4.5000000000000000     
   4.7999999999999998     
   5.0000000000000000     
   5.5000000000000000     
   7.5000000000000000     
   10.000000000000000     
