   135215939.94778147     
  -299507041.67275459     
   140148570.91183466     
  -87404019.221640185     
   240223890.38721871     
  -268368716.70931393     
   568575069.79339528     
  -471485797.57391202     
   162965727.90763947     
  -95133774.712835297     
  -22051998.960424539     
  -25430758.217869226     
  -10153310.562395841     
  -8215018.2892322410     
  -4688284.0526167192     
   116973.78785986175     
   3573991.8880194984     
   8340381.3061863938     
   8944978.9756899327     
   7881926.4551142491     
   15685109.070455754     
   2451005.3067881772     
  -1748347.9249011241     
   206201490.21501830     
  -514236513.03898728     
   229028461.33301786     
  -170993871.27743620     
   490474329.98001814     
  -605246448.60827124     
   1282350391.7972538     
  -1046967887.7500596     
   382138948.81578463     
  -200636340.82605976     
  -28216119.239757597     
  -39104552.441843346     
  -13659526.276244989     
  -12541688.913731901     
  -8544006.0049517229     
  -2339716.8987232163     
   2692691.5749749006     
   8803157.0422675125     
   10116912.967298459     
   9304050.2173798848     
   19687241.098258339     
   3639670.0522348764     
  -2113258.9777902667     
   195377386.91258788     
  -464929246.24143982     
   198046709.40614069     
  -223153362.58526766     
   531289207.13088989     
  -803628742.74840879     
   1637450446.0635519     
  -1328158554.9046273     
   514249402.85318530     
  -243215897.04315111     
  -7703211.8037699880     
  -22401779.896893740     
  -3613381.3650131677     
  -4734775.0355729098     
  -2963765.4235975482     
   225704.42792128434     
   2167220.6337180319     
   4897299.4810877983     
   5346168.5677581253     
   4550525.6115323696     
   9671160.6577673145     
   1978944.6694471643     
  -870546.95464442356     
   126074190.05266538     
  -284251581.60963625     
   124808465.15528287     
  -214375447.12880784     
   449979799.89357513     
  -818134355.15442753     
   1605141832.7066822     
  -1300455987.7386096     
   525387847.65313572     
  -233226806.83254570     
   8809217.8592669927     
  -5287012.4847502550     
   1987955.1218293379     
   346122.11678232678     
   926777.77657651319     
   1721164.2896828784     
   1620653.1327784772     
   2177341.6894442043     
   1994493.2001631409     
   1496347.8323730624     
   2844000.1188180125     
   594738.99874500697     
  -216965.42378793101     
   61159138.034645595     
  -139126832.98412117     
   73422533.565425783     
  -148723313.24987981     
   294946269.87707078     
  -608064234.14089704     
   1154773462.2472515     
  -931211703.92128241     
   385880141.31037748     
  -165764900.99352840     
   12484074.829566032     
   2254378.7992355144     
   1478332.2099532769     
   126202.86952790595     
   1762183.1668204903     
   1268683.9576216135     
   873845.97849533195     
   824646.26140946464     
   562030.15122101270     
   410867.11583274946     
   585891.55575699068     
   107171.45639595247     
  -35017.579875023745     
   17241267.327770572     
  -40492534.087297387     
   26289335.621150866     
  -59300917.403228074     
   129052654.27031446     
  -334179652.13724506     
   596171069.83647621     
  -458367471.55905730     
   191243600.89953238     
  -79699148.584258735     
   10092968.461287869     
   2959557.9177920017     
  -1595799.6865742134     
  -3945891.2435732409     
   2724259.3626525369     
   577728.93335130753     
   540049.94949991652     
   298206.27075041126     
   155196.08293551794     
   116022.00611110375     
   111296.10632260778     
   10328.201868208018     
  -2573.3983495936859     
   48263872.163398065     
  -78072199.456476822     
   29310214.720872659     
   83337995.753993928     
  -320037261.93494922     
   463421206.57643414     
  -392001495.01047683     
   229385578.62791771     
  -98506119.191630214     
   40024016.472888231     
  -2651171.0010887212     
  -1698940.9505496302     
  -406757.36386238952     
  -1248504.5990156089     
  -702110.75962913316     
  -538029.87137933029     
  -125839.28380873492     
   282886.43855564075     
   455983.84237748099     
   447344.41030776745     
   1052020.9702073601     
   140594.85664881527     
  -136822.40783193189     
   99337062.955610111     
  -180095673.26466408     
   74256033.312848389     
   196702656.25920910     
  -705240914.67229962     
   1032654450.7293829     
  -882476987.17547953     
   503285467.28763568     
  -218082465.22753361     
   89381497.792858556     
  -5856034.0601936998     
  -1849619.7897829986     
  -442390.46161301871     
  -1952400.7681650389     
  -1090289.5655298238     
  -981027.47025695408     
  -351575.13206610736     
   101964.87060486333     
   463603.78295183077     
   455700.90054206440     
   1344065.9169397051     
   211814.00314537052     
  -149196.00901777478     
  -80466518.958245009     
   167144974.25772193     
  -95675300.116457939     
   82663450.702424780     
  -23740105.719869748     
  -48720395.241114706     
   3983552.9956490309     
  -19542527.566009574     
   13453188.293350611     
  -5896877.8036564058     
   6905370.3285814859     
  -474527.61166393961     
   1515472.3711610097     
   837144.61427995260     
   336681.87335767201     
   57714.844295399147     
  -180293.02356639429     
  -456180.46789324650     
  -408501.65725908487     
  -421782.25813785905     
  -493410.03681527800     
   5558.3673535366124     
   55914.700318190749     
   13065700.685955418     
  -35441929.178890072     
   22982737.017643683     
  -7123001.9996112213     
   3762716.7070483449     
   2071071.1748226145     
   3669479.8689371473     
  -3107235.3165676314     
   459164.61914081417     
   26394.812027740561     
  -743528.77868249617     
   111893.19382902698     
  -114850.22603069914     
   6298.3253855189969     
   19303.465055781446     
   49228.288319056133     
   49401.052028964630     
   56798.184110871065     
   42406.851870893079     
   31129.104404531376     
   17897.631220095260     
  -4174.0729681776602     
  -8504.8465673876526     
   110733063.53374694     
  -232339925.07973361     
   105079638.37834248     
   277233447.28349596     
  -889555723.40131021     
   1331307631.5849524     
  -1162414519.4719248     
   633317813.02714252     
  -278925444.04031390     
   114860271.94873285     
  -8656859.9029807989     
   831914.17755771184     
  -282172.27874773712     
  -1074965.0105534305     
  -442854.36930787098     
  -473902.56551475549     
  -144261.56374480738     
   56931.753754682308     
   252782.60812305156     
   199465.52521274704     
   561964.60436023038     
   30649.421540773386     
  -117760.08260806120     
  -127898047.14753024     
   278958946.00299692     
  -183504237.94611189     
   158928313.44096923     
  -29871249.164260905     
  -107290759.67334771     
   33977676.680810384     
  -57396626.490277551     
   33684258.105594710     
  -12115451.310238428     
   10666985.266640743     
  -621355.01000455092     
   1629578.0475045347     
   1342481.0332601336     
   351349.68331096182     
   218248.31335682442     
  -101713.90389957862     
  -290731.00622719375     
  -346245.44253310881     
  -287683.57604688255     
  -324967.24276820367     
   115398.27092960704     
   112192.91362796178     
   38492591.694532402     
  -109264934.08611012     
   73107682.474690169     
  -25563376.952980969     
   13782483.248278551     
   10596698.368020849     
   11037162.690234983     
  -10670111.299037263     
   1167834.5784406979     
   469519.45583172276     
  -2812313.8663177947     
   381211.65373536642     
  -504395.58636001474     
  -91659.835806040806     
  -113114.33294178621     
  -15273.207587871490     
   17652.176084368188     
   59371.652952150900     
   27260.675934390831     
   42058.346913750887     
  -32754.991835094061     
  -58393.242636744704     
  -31643.439000978982     
   93316974.233539939     
  -219975115.43139124     
   99351144.299234107     
   306069364.45924449     
  -887450282.48440254     
   1365811664.1574647     
  -1220774735.9180145     
   638883557.23625398     
  -284448700.61223829     
   117386151.33436653     
  -10166925.247161632     
   3203172.1142500965     
  -777699.26745498169     
  -236368.30257974108     
  -93867.048838339033     
  -112342.64961496738     
  -46614.827060687567     
   26403.410074682051     
   10564.503628379378     
   64271.688937096711     
   54264.976996734498     
  -58220.228038979512     
  -30793.644362939543     
  -127674481.91982928     
   306851459.23642349     
  -248260555.98800725     
   198707642.68239987     
  -14420548.258742146     
  -152764515.91671395     
   90166921.950025141     
  -105898451.82854046     
   55448863.643632419     
  -14777750.222769059     
   9111191.6302057616     
   1102975.5950583573     
   348051.87645430752     
   1614819.9677730883     
   74533.865596521777     
   278729.88056399464     
   28290.303776884524     
  -12811.161966538279     
  -49049.456789848336     
  -76333.516633273437     
   28063.589143502533     
   129563.68551993433     
   31804.743845636625     
   49122684.515397407     
  -136706994.19077742     
   92004555.611757562     
  -39670040.616142891     
   20270320.204107881     
   21288389.703630637     
   10449467.557690239     
  -13856075.977231547     
   918747.09256066533     
   982872.36967473861     
  -4070598.3274758197     
   589943.19562068302     
  -644905.85642897303     
  -153648.91455885425     
  -198832.42917048448     
  -103871.35736796248     
  -30739.807414126128     
  -38597.793492219796     
  -8025.2416831477631     
   736.18196368575434     
  -69472.675800213416     
  -63092.899525677560     
  -6489.5416802844975     
   57689723.333963230     
  -144639353.14299008     
   59733577.404871508     
   237991614.94767532     
  -648777295.18649817     
   1027519942.5476105     
  -937534956.77382135     
   479573265.69779867     
  -214628357.17163378     
   88647380.752469584     
  -8022830.5242963163     
   3469366.2801170866     
  -1257463.9163914798     
   241078.34043947409     
   9151.1373547828607     
   5840.4348385501935     
   13921.366295006763     
  -199.10525031959506     
   24847.547686601818     
  -32647.730542786037     
  -5547.0368811378012     
  -19125.209857949278     
  -919.39114375193151     
  -101730673.14547585     
   276934172.37098891     
  -264589244.26573217     
   189436320.80781597     
   4416322.3122741906     
  -165011551.09950894     
   135722568.70393804     
  -137346272.76588148     
   66736833.241160423     
  -13225666.207092479     
   4384631.3150605699     
   3603338.8735223012     
  -1141542.8255949698     
   1684998.6143845438     
  -217558.94595697342     
   194990.03614532412     
   10603.555217807398     
   34540.836110303535     
   36282.943910576672     
  -6134.7991653467807     
   35144.918129317462     
   36350.830260878123     
   365.89849557299806     
   34575604.473408096     
  -89204353.251873985     
   53594217.301845074     
  -25693258.538783431     
   10771455.387363583     
   26979134.290665317     
  -282843.92721571284     
  -7409260.3778723730     
  -732264.46312155598     
   985685.86491735943     
  -3094119.1178139644     
   328189.09122864163     
  -273318.65171108011     
  -162377.58060006911     
  -151337.42689737672     
  -85101.713201152845     
  -39118.637319917922     
  -31512.186689857870     
  -20065.295407648715     
  -7721.6343154376600     
  -30174.542555033946     
  -17247.335274966459     
   122.60422734913308     
   18091315.825773817     
  -45678512.496522397     
   13150033.694480546     
   107771878.03276381     
  -286711056.30059433     
   476472556.36097807     
  -450221385.68502676     
   231517938.49807352     
  -105204614.81851692     
   42894853.851257071     
  -3007072.5595030547     
   2044833.7659534824     
  -1963248.3679655439     
   639860.72906834539     
   116892.54563304376     
   61806.796478438562     
   17559.180553346836     
   39.458555062314154     
   61134.273797934206     
  -49467.577523948319     
  -3442.0405482286046     
  -1141.7420862230463     
  -977.86727584307880     
  -64308544.638760678     
   191920116.40288919     
  -200134331.93929774     
   132961127.35437338     
   10944966.217315724     
  -127027371.14721803     
   122377991.38635880     
  -116835212.90106356     
   54489448.863667578     
  -8781009.1975042727     
   732295.97742612613     
   4039517.9840116957     
  -1566871.8538581016     
   1338313.5573887585     
  -298782.52391376148     
   117897.09600487506     
  -16080.475794294965     
   16172.224761171670     
  -12828.712729551009     
   33746.558197212828     
   3096.4169253736291     
   7104.2131476644190     
  -706.10141786037491     
   11062008.100686502     
  -21914604.356484048     
   3132434.3793934151     
   4536286.9157900801     
  -11147478.605821956     
   27756300.422863405     
  -15804417.409607198     
   6538247.0953446040     
  -3200708.3621161235     
  -54066.430780480754     
  -389530.22149819729     
  -625230.42542569607     
   534353.58089396113     
  -249026.87206644446     
  -65886.045876082644     
  -50031.456784939510     
  -17730.927593379038     
  -15234.226400733927     
  -13007.739771395472     
   172.80186639043205     
  -10431.594880781744     
  -2648.1948524955028     
   253.99807667036947     
   8611016.6098659728     
  -20667131.528109390     
   40944735.286576591     
  -89574703.045468867     
   29789857.492241640     
   236283292.21266109     
  -369678331.30216187     
   207717512.00439385     
  -72739288.671582133     
   30351884.341483761     
  -1800717.2967688700     
   612814.75670196814     
   32894.323078752939     
   32837.569018073380     
   12036.703846399694     
   12538.001122096483     
   2088.6878162984103     
   15160.001801827766     
  -32661.102552408007     
   67152.137592630912     
   10677.458976510643     
   1879.0239386539433     
  -6605.3989922523642     
   21658206.950092658     
  -54501611.544303134     
   93566931.363468692     
  -188590449.05471745     
   52743591.444536619     
   542774249.69922185     
  -839526410.25951576     
   470997982.24548495     
  -165539707.58606434     
   68991459.527916625     
  -4293232.1960277483     
   1539406.3540749985     
  -35726.733278835425     
   118044.09728102821     
   8799.0319972635334     
   26026.077810023900     
   22142.437182304046     
  -17116.287288785978     
   20765.469038951807     
   20632.476508978667     
   23560.689807379218     
   822.95815090260010     
  -8440.5283632898481     
  -19071036.078764912     
   30849286.272253316     
   4670437.1410654206     
  -5591001.4912401643     
  -25285980.762836721     
   39075826.972050592     
  -30480654.051158875     
   10990417.504267206     
  -5815899.0449855477     
   1115850.7330035374     
   50333.848528032984     
  -405804.26873616508     
   8272.3694831974808     
  -11455.137552723476     
  -15446.931883134092     
  -20193.068479558522     
  -18009.131213079276     
  -10935.872592890903     
  -20751.205411359118     
  -19380.440818397863     
  -9589.0276773970145     
   6507.0410299272553     
   9260.0850685758924     
   2087586.9021544068     
  -3333417.1938891807     
  -521465.14689694776     
   980729.05359105614     
   1960117.4781200185     
  -4266853.5383879170     
   3624520.0236548553     
  -963957.85171428008     
   481210.11772369657     
  -112607.60528558210     
   11860.255058714640     
   36955.792140571604     
  -484.22966131816111     
   3424.6354775245609     
   1448.7917653955890     
   5222.5630314418568     
  -514.93081542256959     
   11030.433055928563     
  -5788.9557094440925     
   8927.8072178583661     
  -1999.8031087551931     
  -2388.0429669179380     
  -4579.6896804137978     
   32121584.270735957     
  -86128396.249203473     
   124393627.74393409     
  -218284232.41692308     
   41459866.282841250     
   722463216.91428888     
  -1102648826.2861013     
   618341907.84437728     
  -218719579.82392958     
   90862597.034070775     
  -6083040.1874623364     
   2267191.4976005452     
  -288335.24686709268     
   194231.61668499460     
   8270.6088306930906     
   49663.887148139882     
  -7916.9359085217675     
   19374.313501936569     
  -60508.973711044084     
   69235.469036115697     
  -16665.506475558515     
  -8090.5587092560654     
  -4465.6730499562236     
  -44948250.852850191     
   90793462.100679100     
  -18577758.411015194     
  -105335.71159431089     
  -67290848.045726404     
   102698637.84923151     
  -83620507.541380242     
   33416612.382516235     
  -16339309.865536861     
   4770142.6714131264     
  -203827.51217277083     
  -517474.80225118145     
  -40644.237927059963     
   7725.1617718160978     
  -49338.402416378703     
  -14843.821557025532     
  -4022.8864055947652     
   16342.386075976032     
  -20257.518218990983     
  -13423.119812910212     
   18054.816011460607     
   18747.102491847138     
   4063.8830457605613     
   6440722.6790843084     
  -10249211.911466155     
  -2915095.1138629653     
   5708059.7426872887     
   5258263.1834487692     
  -15284656.072820462     
   13071306.674708985     
  -3411576.3230638453     
   1683500.9182681204     
  -392630.44282327191     
   2682.6591310977005     
   150361.41325583364     
  -48324.124116817606     
   14635.284314488601     
  -1484.3922138313728     
   3261.0156000321335     
   1136.4552896271846     
  -11001.692614661983     
   10429.754571131338     
  -8487.0853662045629     
  -7856.5435428524879     
  -11318.401264448808     
  -1592.1065960069243     
  -4465086.1063825255     
   14304393.629511703     
  -12028660.338378336     
   3575170.3242440214     
  -1639192.1973663522     
   1440819.6696193737     
  -1294452.4619536644     
   269433.05712880281     
  -191739.43529661981     
   19311.938573367010     
   15423.772327552892     
  -27219.689477120202     
   9593.2842302655663     
  -6763.9048831930450     
   6133.9331456337268     
  -2148.5320184092943     
   6493.1930474064084     
  -4405.1001542152781     
   12251.600602809436     
  -8847.5541308568954     
   5166.8286775449697     
   4003.3603336972837     
  -349.00111699469062     
   209979.69096982662     
  -502498.71213781933     
   329551.63946005149     
  -189188.99513475853     
   76757.575495464742     
   66302.296345771538     
   6981.6729847320466     
  -9235.8041304546841     
   12947.300337091958     
  -1090.4311263996851     
  -3071.6762891117464     
   3106.4310798332308     
   809.72670335920373     
   353.57786527990726     
  -1008.6994064094918     
   1712.7953813236479     
  -4381.7699522086759     
   6078.9473801641179     
  -5984.8660980383420     
   3305.8153676703537     
  -778.12657541854969     
  -814.22312169352585     
   215.37206415233427     
   33884037.578126758     
  -94977988.918596387     
   124297968.53859527     
  -196111737.16987565     
   19560320.594755154     
   744784010.63291514     
  -1129227606.2312820     
   634649257.22241735     
  -226107395.65549034     
   93669884.521579728     
  -6656926.3745023068     
   2535958.7507198676     
  -533337.35789383017     
   240008.17404152083     
  -24314.532345568234     
   33529.229711079170     
   9001.7910991708977     
  -4462.3573987487198     
  -19610.520926261637     
   19510.114980234066     
  -13548.649543249849     
  -6352.7436358578889     
   252.94642351386321     
  -68327996.824333891     
   160189644.99018326     
  -65852706.862003542     
   18212284.781277236     
  -115096897.39687191     
   175918204.53477204     
  -149075157.93229973     
   64100970.243746780     
  -29884990.672310647     
   10939160.988383438     
  -921517.62375319249     
  -51756.972222919932     
  -181604.04346610402     
   57967.303981459423     
  -58179.137753524577     
  -12049.673513120451     
   1925.2105607066605     
  -8329.2953913425245     
   66671.771781391566     
  -55199.683113256666     
   28740.745358935117     
   10152.814015114169     
   12.223785205229266     
   7734986.5782282520     
  -12062463.532055922     
  -5746082.8066087477     
   11760322.302948691     
   4496747.0062206509     
  -22009903.234390937     
   18671431.789319072     
  -4660991.8116612416     
   2261714.0684052003     
  -516271.39365043998     
  -27805.286581001899     
   218119.31075489710     
  -85998.503672664898     
   4312.8855783521667     
   7097.1927037802279     
  -7379.9105764921815     
  -3835.4824030333948     
  -11669.120792069531     
   8411.4247786078595     
  -15513.525119958582     
  -8181.9932072300116     
  -6581.0119873861258     
  -856.79340303008235     
  -10302287.220537083     
   33614920.104504667     
  -28881028.795822687     
   8034050.4627542477     
  -2997076.4970743312     
   3621183.4457411254     
  -3366074.3275626334     
   676622.90370973945     
  -401862.27056049346     
  -30878.627509630878     
   59546.686366961840     
  -70311.943937542062     
   17857.053387295528     
   5580.3940490795976     
  -4018.1599447987128     
   7281.4759052032041     
  -3788.0388694005273     
   16452.425078574677     
  -14334.421567892137     
   12832.359879972939     
   2798.9284729980577     
   2348.8098246813724     
   229.73130328733438     
   491459.93430807418     
  -741367.99005039316     
   288965.07691646583     
  -935285.01403032627     
   818263.31113323220     
  -78063.511424528275     
   198556.40622216710     
  -94034.780341305217     
   56092.278643416605     
   9582.7305812679460     
  -28274.498324385728     
   25838.633954203760     
  -8804.3516450154548     
   1103.1785524736667     
   2585.1277487900907     
  -6453.8656073195707     
   7361.8799768111903     
  -8898.2394940165632     
   6620.9104879230536     
  -3899.7263987702177     
  -930.18407334238771     
  -498.92745648903730     
   302.61956445260591     
   24016917.506835517     
  -68810873.735802755     
   85604748.882070541     
  -127197571.73628314     
  -1339593.5826628702     
   559027173.47023094     
  -842215776.67980647     
   473825721.49721152     
  -169474994.11735693     
   70045202.720340148     
  -5115244.3764888914     
   1989760.7923186410     
  -565208.79160659516     
   204739.49598796695     
  -15072.550508885784     
   29162.430572048252     
  -10797.922713615428     
   17649.579377729940     
  -29303.895142336925     
   23500.824052547236     
  -8926.5266562453526     
  -848.48720850156667     
  -844.11519921878312     
  -76697626.905897960     
   194986938.61459151     
  -100808952.46658179     
   36025582.260422245     
  -142337961.33113396     
   218635010.57958856     
  -190639329.30772763     
   85292427.456974968     
  -38694383.943164922     
   15630794.257172264     
  -1660402.9920666395     
   570655.01683262549     
  -350692.59903383761     
   115052.89924794521     
  -72081.258836527690     
  -6208.9120566049851     
  -7145.5441111042055     
   9521.5284821350033     
  -13442.660618701912     
   14204.819548087866     
   5025.8264958705076     
   4041.9451850253877     
  -1829.9946007224537     
   5513138.0567342583     
  -9422079.6833808217     
  -3587592.3798442781     
   10165144.931436453     
   3415496.6581891095     
  -19370730.260243177     
   15307704.856373088     
  -3462289.1804566025     
   1848352.2922512831     
  -480478.69546753669     
   11839.155794773787     
   137176.23503047079     
  -69560.997893969165     
   2606.9304353525104     
   1528.7755075744781     
   10731.001378252320     
  -11733.368791999219     
   6698.3347138310573     
  -15991.755925725431     
   8455.0730011921878     
  -7052.2460678267416     
  -1284.2926245026647     
  -250.94931052505757     
  -12894606.090266289     
   43032981.731555149     
  -37973055.854612090     
   10178789.605792809     
  -3058410.9526055013     
   5096064.5553506110     
  -4755978.8423007987     
   964476.74124529888     
  -561760.57579200435     
  -36793.274414293664     
   83085.831674757748     
  -109043.05296923427     
   18899.666811699197     
   13184.323096697402     
  -14777.329540818711     
   13490.583805401666     
  -6774.2418773672507     
   7073.2018256348692     
  -8338.4097723055329     
   12763.422991600610     
  -2880.6778993533107     
   2977.2499993130582     
  -2332.2256235197719     
   386836.37054728001     
   730893.04492107511     
  -1533570.9425979520     
  -1658599.8737219609     
   2610412.9215766937     
  -1212326.0825895814     
   829723.31795037189     
  -279628.16259458894     
   88210.525613333564     
   67140.806704168936     
  -74997.121810750279     
   62089.719541889186     
  -20496.941191466663     
   11395.940201022044     
  -6668.5568961070576     
   3642.5492093829675     
  -4901.3169955928879     
   5109.0602698082503     
  -8573.6010582128401     
   6219.7308787447737     
  -2029.3895729400733     
   428.53962615757064     
  -542.69576974326606     
   8226645.5341517329     
  -23720069.553106483     
   29402369.390760612     
  -41111356.994266570     
  -25677925.120156247     
   286497261.33051401     
  -411560486.79188579     
   226659524.08409280     
  -79970865.729292706     
   32920851.466918193     
  -2282951.1565503804     
   949847.32096218015     
  -540685.10613163491     
   165004.17354679407     
   11767.351665503487     
   17700.460243760277     
   14379.574415850353     
   12345.569377182494     
  -47858.853030968930     
   43354.295276638943     
  -8969.8819305780944     
   119.17313310556700     
   102.09029425025844     
  -59962272.927481540     
   157955889.48688444     
  -88984346.765224606     
   35219945.154682919     
  -118349017.91241623     
   182377299.38254696     
  -161512616.45224190     
   73594087.708703965     
  -33056851.137142025     
   13928182.609475629     
  -1627038.9133630875     
   726840.37031531951     
  -351280.32776265638     
   114732.62779937305     
  -59068.238578000834     
  -22184.607659135050     
   10956.443131450251     
  -2909.8933166444453     
  -3536.2290225553365     
   357.22964923508545     
   2269.3365747261578     
   559.50625116831941     
   235.54709547110957     
   2161780.6456586272     
  -5204970.8686903892     
   1866904.2349774824     
  -414147.95925115491     
   8105348.9105975088     
  -13702923.528830249     
   7354303.2729265708     
  -869871.35537000990     
   982454.09850469395     
  -339735.59467701043     
   147697.88997604992     
  -72811.088804971820     
  -35076.198605288679     
  -12196.414431957535     
   26980.013551737520     
   7371.8326079542403     
   2553.2596798879717     
  -11431.517552344952     
   28367.297404899873     
  -22427.875081835824     
   2241.9418496129365     
  -430.19921405629736     
  -117.61043060701554     
  -9294357.0155214053     
   31579210.264974006     
  -28341722.628861737     
   7306032.8192296065     
  -1937291.1872323076     
   4290436.0126332501     
  -3903944.7043265090     
   796651.59061860514     
  -510571.92496072955     
   39009.094496029022     
   43202.396101609142     
  -72116.911018541578     
  -15904.312468048345     
   35903.368032097140     
  -18474.049123477489     
   1948.8577463606548     
   246.46540445905762     
   924.39047415990899     
   565.30929857586148     
  -739.13589478355300     
   942.46389466245660     
  -44.113784213336253     
   104.79233382442905     
   223857.74778927537     
   1513050.5695027530     
  -2943765.5412500999     
  -621326.30699656182     
   3217250.2939046114     
  -2646452.4336585859     
   1495008.0655864710     
  -436663.56742419128     
   129281.53678952526     
   108395.78370376247     
  -119769.23087122556     
   96264.338446414942     
  -20280.380554943011     
   3238.5957081890510     
   6280.9327965122866     
  -9014.5429464034260     
   10078.827879283406     
  -7528.3058318009698     
   4857.5885067334584     
  -3638.5468793217960     
   1280.6796175726261     
  -949.44586231202732     
   912.06053110624327     
  -8711200.3804005589     
   31447856.247370083     
  -33054111.053544387     
   38703768.440805234     
  -27845916.202133961     
  -102550862.26544861     
   184729182.73471957     
  -101835926.98037826     
   31159231.455084249     
  -12816670.485020841     
   1002319.1494380097     
  -335565.97409445967     
   122294.91035151824     
  -24444.398833758602     
   5231.4601590116972     
   6943.6330807408294     
  -10822.077936760097     
   8545.7962124940386     
   1461.0519575371843     
  -1168.7897190280944     
  -172.30393320958632     
   328.16769057878463     
  -456.82861397888723     
  -18579885.561599176     
   68210786.678704709     
  -75122690.920789048     
   91789434.769857392     
  -64898522.616270132     
  -232055428.51818377     
   417865039.49850696     
  -230762054.93419018     
   70976208.014777899     
  -29175305.621016398     
   2260858.8140924037     
  -744502.10205026343     
   272476.12009255216     
  -65781.806390369791     
   31214.888032278868     
  -3175.4841733084581     
  -2320.1517029206134     
  -637.22017137890691     
   15791.812484134582     
  -16882.125136172526     
   6777.0621420652524     
  -2742.2159105483311     
   2304.7547208341998     
  -12582293.922977306     
   29560736.916308269     
  -4007520.4808281832     
  -23239275.595002532     
   12015987.673117228     
   4264117.1099735145     
  -10563823.230204789     
   6364544.4099990102     
  -2581069.6048762621     
   860428.26428451552     
  -12691.707041899215     
  -57267.630635875023     
  -8762.5220609560765     
  -9659.3903559627961     
   4702.4908015514729     
  -12380.705841418798     
   12028.761915871111     
  -8718.0046651199573     
   151.89363865663788     
   2632.4637662261925     
  -3753.9586088013984     
   3431.1089573024692     
  -2803.8947800423125     
  -362936.12086539523     
   1400142.1963163372     
  -1797492.3325752995     
   2510678.0612096470     
  -3492918.3964840411     
   3443031.0318314251     
  -2568787.9336483888     
   1031073.6683822630     
  -304016.18686254066     
   132029.70753807409     
  -4145.0400210723210     
   10529.181476071111     
   1235.8701537164204     
  -2285.0813187106046     
   6030.8393062876075     
  -5482.4753976229576     
   6022.4935518484226     
  -6593.8824760614934     
   4093.3058934843425     
   2663.2388600075842     
  -2764.1892262096708     
  -275.59979890430344     
   444.93710451574077     
  -21618957.265374113     
   81949855.603638113     
  -98728307.426092222     
   131648799.05729121     
  -94268363.469365671     
  -294782588.23904902     
   537457224.86483610     
  -298323162.42173016     
   92358611.314606324     
  -37944984.069147855     
   2891577.9598002024     
  -916392.44062431331     
   332017.70215424371     
  -85190.554220472521     
   31264.470816417936     
  -4366.2779101383512     
   2098.6418769539487     
  -3232.7835073778442     
   18404.397555419713     
  -16386.106995138507     
   2734.8668768698140     
  -737.16834032746397     
   192.69256009166168     
  -29760219.182370696     
   73443119.564120173     
  -18534311.330420967     
  -44178949.621271499     
   18374548.512222420     
   22548789.088922843     
  -37731558.818588078     
   21650503.736407589     
  -8912201.2172247618     
   3371831.0414381698     
  -194988.62816903897     
  -38350.954128297890     
  -27089.996409042436     
  -558.11320436348785     
  -4845.0536457047547     
  -3206.2525545752469     
  -2299.7763469869774     
  -12227.504383049223     
   25350.223750268411     
  -16161.560498159144     
   1781.5161308719944     
   1770.1423242412689     
  -1369.2411187151679     
  -1304468.0198817302     
   4791902.9559802683     
  -6458909.9846139373     
   10327773.459700510     
  -14404714.493696554     
   14102065.092453642     
  -10805926.839760900     
   4580321.7557886420     
  -1533092.6421451347     
   711394.40495805594     
  -63127.137663768226     
   62426.457259363247     
  -13280.004180826238     
   7661.2163693721941     
  -349.19731041417248     
   536.38894056986248     
   6813.4753560628142     
  -12079.245706713820     
   14233.799235540366     
  -10497.030809870876     
   2555.8552508434063     
  -2246.0825236862433     
   1652.9877672244959     
   715582.48510053963     
  -2941379.1558976253     
   2805321.1404579962     
  -364983.58106649376     
  -182612.13373349461     
  -41665.922470346908     
   52174.917821536765     
  -29298.751167199676     
   13804.452807091240     
  -17916.805461107084     
  -9338.5866347899537     
   2392.8783596194971     
  -3998.1124568571463     
   3850.6326676374565     
  -6040.2734634102653     
   8758.2095244715292     
  -12246.781719754361     
   13176.974781818868     
  -13838.674253517160     
   9261.9327581420748     
  -1540.0648237452988     
   832.03043760183959     
  -420.49481474474550     
   99370.237262346272     
  -289756.50532360311     
   225116.40236640125     
  -80960.811235218600     
   64800.501841438505     
  -94796.677992352386     
   114250.64675186783     
  -47801.932289935743     
   6131.1511349221091     
   4411.9070235256549     
  -357.11885287728006     
   165.66151115753775     
  -2309.6172700784332     
   5767.5449773683886     
  -7236.1952669311613     
   4283.9337878981205     
   2565.4293751299633     
  -10198.311800680776     
   16368.578261927620     
  -10123.230034805487     
  -135.36308374311409     
   1143.0052010190502     
  -1144.0864317277324     
  -19362241.935358480     
   76180836.608888417     
  -101935020.57070580     
   150601050.29528907     
  -114566263.20427880     
  -279275376.96566576     
   527253211.49914867     
  -294984061.44216919     
   91420850.727303147     
  -37526862.695939437     
   2812264.9743189360     
  -863312.93307400483     
   298467.46553345624     
  -83153.575290419292     
   34634.069357850713     
  -7241.5276259489892     
   2325.1911841765318     
  -4571.7409538270967     
   20836.866526479596     
  -19200.995123298035     
   3008.4221880678078     
   343.09590482690243     
  -1012.1527891357678     
  -45727920.376791641     
   118112243.58521542     
  -41924305.697763726     
  -52033989.148957133     
   12956564.024164900     
   55001530.123813473     
  -79176299.342409447     
   44260978.560486525     
  -18201926.416907452     
   7249939.7685871748     
  -556170.59198753547     
   109499.39882094593     
  -73842.868159731312     
   11040.929717296294     
  -3628.5211060532220     
  -2722.9840700038585     
   5438.1981776322791     
  -12376.749386493191     
  -3597.9464976963586     
   12809.507880413150     
  -4079.5774319794155     
   831.95773937407080     
   177.53802098709366     
  -1831097.6536109857     
   6160491.0963099543     
  -8881423.4654634055     
   17305445.061894979     
  -24509366.936886370     
   23603109.930114120     
  -18336721.908182871     
   8048124.9261472188     
  -2745263.5253648115     
   1217809.6240445229     
  -112385.90043908784     
   94369.272288546505     
  -22478.864829935486     
   12379.367991376324     
  -6030.7398867196134     
   3250.9185462773025     
   1862.6529119190118     
   4087.1827067107661     
  -15289.836864897790     
   11700.377032985618     
  -2380.5912033363516     
  -47.180067504343967     
  -260.51549783569675     
   2247351.1445121369     
  -8842492.2642590981     
   8269364.9582748972     
  -1218635.7063565049     
  -391093.41345283436     
  -208214.38744010287     
   295655.19573013851     
  -134322.66044577499     
   9862.3940531179014     
   2613.5259500015013     
  -33706.160320819850     
   10791.475420409080     
  -10765.670756990863     
   3988.2622936224025     
  -194.41888490763213     
  -3617.8811191551454     
   3071.7316528938750     
   1708.5252776348127     
  -4380.8120643770008     
   2975.6841947609123     
  -362.45920197295095     
   950.66175823222807     
  -928.03409058140721     
   392519.63478231378     
  -1137301.5216578299     
   877920.84531240130     
  -269074.94649915415     
   125565.89177189868     
  -221522.98818803363     
   369554.72595213208     
  -184838.23388312035     
   67371.797353357208     
  -23824.063564026834     
   7040.6817624195055     
  -4974.8468071447933     
   2666.3003206784238     
  -1815.2250894263050     
   2182.3592701768848     
   1370.2780715047786     
  -10117.839285290152     
   13440.069935293217     
  -12714.796372983736     
   7912.7381270456535     
  -1318.0199181588155     
  -245.07359677056220     
   448.63527350347050     
  -12584183.704583252     
   51338913.694667980     
  -75751463.823837072     
   122303052.07105930     
  -98071751.448432475     
  -190797609.98912260     
   374174077.53828663     
  -210283333.79693756     
   64671216.088622868     
  -26535746.094041124     
   1970484.9298354080     
  -591393.49660676019     
   195598.10508240369     
  -59111.883513518609     
   20826.941434360109     
  -1798.9841546096259     
   6192.2491691364812     
  -9599.0511807046496     
   18709.522471360197     
  -16520.557649723869     
   4142.7162289482521     
  -1706.3980619490317     
   1609.4805303890182     
  -52092202.615965694     
   139047106.33858112     
  -59326309.242644347     
  -45512628.377435192     
   1039371.2109350200     
   81802632.866265729     
  -110334705.39630969     
   60887789.638583064     
  -24981491.835948978     
   10173692.907618890     
  -883752.34564031684     
   281674.96903037635     
  -116558.08219321854     
   32057.704001494516     
  -11777.654293093468     
  -10954.314763707205     
   11064.241007051081     
  -6149.1812706506435     
   1133.2390830719526     
  -1366.3958584888774     
   1824.8637576027752     
  -929.74845719802624     
   669.94744268616535     
  -1379983.1248104465     
   3646585.8023910564     
  -5575636.4937088145     
   15679188.841503680     
  -23564639.718146078     
   21875218.020726644     
  -16423212.756815758     
   7224462.9674079483     
  -2584035.3727339068     
   1141553.8760112282     
  -101950.51885851374     
   77617.997244942366     
  -25526.161516146505     
   10050.283591722555     
  -1040.9383049058192     
  -3672.4418436453871     
   10474.079836415895     
  -8089.5490052861169     
   11805.614885790865     
  -12551.490028283135     
   4192.8018708298796     
  -1548.5769653316622     
   1005.8573036045761     
   3553680.5982248038     
  -13711261.171623392     
   12774252.791225407     
  -2109248.0772792092     
  -446767.55290384428     
  -396801.26242577849     
   608115.90282849607     
  -270368.00105423934     
   19367.747002422988     
   19923.500215405849     
  -42428.274287952911     
   8339.4275349357849     
  -8207.7741986386463     
   4872.4946227206410     
  -4057.2389971068178     
   1491.0148304639522     
  -3442.4509822014829     
   378.79624880920386     
   10641.414801464723     
  -11434.499876473950     
   3404.8147169008889     
  -1216.9280091064659     
   1425.7825708607290     
   718998.38312421017     
  -2147212.2418497661     
   1721206.3768997577     
  -470574.76671511168     
  -33255.745086692208     
   106241.64184177757     
   225624.80490015607     
  -162115.91808309042     
   62209.485080231352     
  -28448.413089520014     
   9203.4688158581503     
  -3974.8700936584578     
   3492.4810464616617     
  -3400.6097746812961     
   2803.5250836003606     
  -883.30582086610491     
  -286.35970097225635     
   2483.0084800047694     
  -5258.0995535749471     
   3863.9540774643160     
  -810.97126124596798     
  -17.057807358973420     
   407.64508538000018     
  -4088464.4102575569     
   17547081.890390128     
  -29450034.078531969     
   51766391.535391584     
  -34973714.354738481     
  -101328200.31016457     
   180289073.47634465     
  -97141352.701854050     
   28365504.017202627     
  -11668838.012398966     
   892241.24787556112     
  -253142.43619698065     
   52146.965315572837     
  -26026.334287098780     
   19658.286709098746     
  -10146.844058964869     
   6935.4320918449384     
   4284.3273939986429     
  -3659.0657074600417     
  -527.40936082551286     
   765.46664067783752     
   329.31718872324825     
  -557.02214128242269     
  -41239235.725216798     
   112185187.98106782     
  -52490068.310929768     
  -29297831.404029489     
  -5951388.5454740096     
   74162881.400737613     
  -97215587.583445936     
   53364929.791713916     
  -21947023.122722842     
   9061407.2904672585     
  -841004.30345086544     
   299314.72340533294     
  -108532.60567499016     
   30721.438534080015     
  -15793.478044224436     
   15247.067261628596     
  -23924.988306526164     
   12049.712981681876     
   3209.1884069240391     
  -6822.8592737599092     
   2637.9436101495953     
  -378.79792447495680     
  -169.28140823159623     
  -546656.89858544292     
   632548.42908029631     
  -1108031.5301244059     
   8152977.6160183465     
  -13455651.270604463     
   9935468.1820349507     
  -4520649.8797488678     
   1202607.3731896989     
  -552476.60002575349     
   258462.20612357190     
   1281.1619489988625     
   12251.842488074797     
  -16578.931092340801     
  -7174.5390075176556     
   10485.651138701405     
  -2611.2704938403581     
   8751.3109755814021     
  -6624.0041350331940     
  -398.72351201758840     
   3198.9084897593561     
  -1497.8429507403766     
   691.17154561756251     
  -481.85434592828000     
   2992049.0304935081     
  -11500575.324780852     
   10757909.390669882     
  -1865428.8230712020     
  -380978.16045123176     
  -339439.45847993868     
   596978.13187934086     
  -292156.70360035641     
   96447.452820510109     
  -45754.813642665569     
  -12605.138504065682     
  -7491.5665387581694     
   1644.9960503069635     
   3830.4337779322577     
  -4385.6849344369639     
   1833.4399184391482     
  -5747.6802179017632     
   8144.7989905233489     
  -10126.388535137952     
   6614.7969638880604     
  -850.36015149186369     
   489.53035762756440     
  -853.33990043682854     
   977807.45646938507     
  -3165367.3935943260     
   2666981.3214909621     
  -451355.40940862021     
  -619851.27363199776     
   1019260.6434153363     
  -510793.04920956586     
   115454.07513762165     
  -53150.254805358221     
   13247.153184214627     
   11222.295796748014     
  -8097.0061054324051     
   6643.7664196258556     
  -7071.4043902796238     
   7524.3609420390103     
  -4753.9210992598073     
   2958.4366487191828     
   1173.9664661958145     
  -5511.4848386859830     
   4197.7084537195378     
  -348.26091765357165     
  -710.17727510695738     
   1102.5206644318857     
  -17537848.371130396     
   56932792.560905375     
  -28326071.109779429     
  -78659877.128354654     
   165942382.02984932     
  -201374899.84925470     
   145172709.55403543     
  -64217360.059761718     
   36044270.631237857     
  -14820600.178085878     
   1114241.2163059283     
  -356567.22056291136     
   112851.56351875520     
  -30023.779776996271     
   1698.1616110274940     
   3883.1699199298373     
  -2938.9462347136077     
   1557.0670562888381     
   2110.5197016272141     
  -3619.9980227689921     
   1573.1371131646060     
  -524.07233870633866     
   399.87725365409528     
  -36624951.588420264     
   119281895.29303198     
  -59507966.033099428     
  -171665118.29277277     
   369636147.96648949     
  -455354108.70665586     
   330846143.98690408     
  -146673597.13059357     
   81754975.218517646     
  -33604965.752821781     
   2521118.6920954240     
  -808027.28629725974     
   261861.28687729672     
  -84354.757925945247     
   25384.789251254027     
  -6803.7590424204218     
   426.33768709029266     
   8115.0927970386201     
  -14213.581881037891     
   8109.3442055988198     
   354.82316219690239     
  -958.10514986063083     
   736.97011095953349     
  -6521418.2484394684     
   16217835.722463435     
  -4642093.2614072617     
  -7464253.8310281076     
   3133951.4060307285     
  -2529529.8086007354     
   2956563.7782715270     
  -1514843.2080403056     
   636999.22997966711     
  -292152.85049180698     
   36753.219154260099     
  -23423.867128420276     
   8747.7955107972648     
  -4894.7135885288044     
   77.703953908444433     
   7013.3876125548331     
  -15283.404809090698     
   12217.934844339426     
  -4324.0677670859359     
   2027.2150392143485     
  -296.71761060617064     
   655.17224489728039     
  -720.86851189834726     
   633315.03395063826     
  -2458296.9261919376     
   2870771.0352342837     
  -2679207.9325686349     
   3184985.5014902400     
  -2822332.7416994628     
   1777998.0217389315     
  -617799.49760272901     
   165999.44047702325     
  -58661.416263865787     
   3961.6802645320404     
  -3082.4862422814558     
   5876.5245914825073     
  -5385.3000352729414     
   372.55415351687770     
   3131.6304922800491     
   289.58794225641293     
  -7705.1709213194354     
   16471.254606742612     
  -13204.016842291561     
   2849.3629431257768     
  -695.48216252453358     
   529.31103333104375     
  -41135545.651614383     
   134934871.80564994     
  -67608328.653969169     
  -212667833.69165030     
   477287148.61599833     
  -606191022.95179248     
   447184047.13162494     
  -198325943.36963195     
   108640707.32237834     
  -44658413.062975600     
   3348709.0927207335     
  -1070149.4591249779     
   343866.26983123936     
  -106054.90916403441     
   27572.314147881865     
  -5363.1894184229041     
   2899.4839236271669     
  -2974.4421055823168     
   5884.4238156842221     
  -4917.8692503783150     
   802.98477665117423     
   325.92554269416144     
  -352.46310099726429     
  -12236326.993878154     
   28339561.974707808     
  -3692719.5136662507     
  -18460159.676824432     
   8289807.5621126797     
  -6968730.8415690567     
   7703154.2063779244     
  -3909115.2359094243     
   1586857.8612036365     
  -684771.09226012416     
   55993.556313038309     
  -24597.024926478767     
   1596.6624918347666     
  -970.63073631392797     
   823.15638384856925     
   3809.4921507919785     
  -6502.9021401523441     
  -1582.8003045671412     
   6898.0529183023145     
  -2261.2956611821628     
  -854.78391011366637     
  -168.16939778447909     
   586.57777898423660     
   2466560.5962922014     
  -9555915.5526946913     
   11350288.958487302     
  -11245403.013053279     
   13177829.625416143     
  -10525392.001422489     
   5893201.7229850469     
  -1883216.4672106348     
   512197.92304331501     
  -204481.73288316754     
   13109.277650551629     
   2424.0801054463245     
  -7008.0835823381958     
   10845.287418646671     
  -8908.6284664339728     
   7419.0826006938123     
  -6732.0733239318351     
   9922.9813831686533     
  -19734.959180292259     
   15210.862280396663     
  -2143.7006693577523     
  -426.55960055835340     
   587.89384525434343     
  -1071408.1546903143     
   4337158.1331706364     
  -5003828.4472635174     
   2946403.9600887438     
  -1771205.8242509216     
   907635.20264999743     
  -459562.28518919763     
   155223.57546242356     
  -69491.344611518987     
   35237.248178432710     
  -8757.5964198674028     
   4036.7465778548808     
  -2955.0187623085963     
   4362.9225239649468     
  -5759.3918948838664     
   4317.1229293548986     
   78.597763632767325     
  -4080.9600268857480     
   5564.1218216093403     
  -2823.3990473292961     
  -376.77284547749372     
   353.13582165131839     
  -52.866246723899387     
   22496.814578797432     
  -69717.960594330871     
   52185.870904828611     
  -39.499757176910911     
  -24349.350280671792     
   52576.721475090642     
  -56264.789981763344     
   32985.251386664822     
  -19565.845190408698     
   10719.667649362862     
  -1002.1950142535654     
   22.559603227670461     
  -191.51394934635832     
   953.69589746780673     
  -1642.1629759840030     
   581.81531241875189     
  -1494.5248052868387     
   5453.1212818494459     
  -9460.8050916623324     
   7134.8258152660246     
  -1747.2882352516340     
   1028.9423928757260     
  -978.04755693660297     
  -35365560.737884596     
   117361063.84006351     
  -59925694.457966246     
  -205968604.82760122     
   487817149.36599690     
  -643365711.32664788     
   483120428.96387589     
  -213718286.05440134     
   114376235.51892792     
  -46999234.527537018     
   3517034.1543102167     
  -1123986.5235028202     
   361376.32424874877     
  -110896.71845539096     
   27843.394251765192     
  -3311.4077788344239     
  -2288.6986882345077     
   7933.2999867647341     
  -15238.472988122428     
   11104.495205653508     
  -1082.8251531038004     
  -1005.4881455000260     
   1377.9968566706111     
  -13904758.917568488     
   28066199.380109422     
   5755878.4435227904     
  -29805636.604660068     
   14205112.816696228     
  -12529679.861103559     
   13346975.793534119     
  -6765326.9311310304     
   2759838.6838555746     
  -1184850.6064774927     
   88642.155062448364     
  -37008.792074706784     
   3327.0481356683003     
   4274.6577586186968     
  -3321.9872718791607     
  -404.04751364955496     
   4578.6892390332996     
  -3545.1058003189892     
  -2962.3894200654490     
   2726.7240591853179     
   103.87747499987859     
  -296.53176628577393     
   369.78966009038777     
   3827120.0152937551     
  -14621707.402790850     
   17448797.232534442     
  -18565691.190447215     
   21947268.511704601     
  -15646752.352957819     
   7220149.4628297659     
  -1868196.1032236714     
   394328.87459561648     
  -143505.34618915356     
   2421.4030596150783     
   7369.6453282513066     
  -2200.2321539135705     
   1549.5926774896868     
  -5019.4273005871109     
   5920.9049305874796     
  -1058.2328861115511     
  -2454.7452014245387     
   6489.2675786068176     
  -5974.6505703168359     
   1225.2689358695138     
  -433.89851544538681     
   947.58663502774846     
  -2971296.1682174471     
   12122959.009510413     
  -14189281.426784169     
   8726344.1956483237     
  -5463286.3778715534     
   2787756.8219989506     
  -1327975.5226504751     
   424962.05688904336     
  -178601.39613195928     
   78893.324009099757     
  -17019.389575832360     
   11640.008973638027     
  -6163.0715223358993     
   114.18020852394255     
   4796.7345438535058     
  -8506.3160207162182     
   5744.3075456803053     
  -1177.2880053038105     
   549.92484441803083     
  -654.95492171275168     
   348.21164669098357     
  -626.51071179500639     
   1162.2644162294928     
   102932.65913839360     
  -311899.11089293682     
   214308.06454427680     
   20868.003049259078     
  -91008.860394244461     
   181923.88033792228     
  -198887.66360863578     
   106359.73366011781     
  -34839.684555872118     
   7837.6833615071500     
   4674.3354638643759     
  -3901.0382485571236     
   3007.9843365292500     
  -3933.5163738671249     
   4721.5407251862152     
  -2437.7108256830866     
   1165.5998290135146     
  -3196.7978826417766     
   5228.0352254294821     
  -3332.3876427974128     
   529.09206748676309     
  -502.50050283937856     
   760.70963281047386     
  -22166409.000818655     
   74716501.116336659     
  -39769923.923502743     
  -143992281.75134239     
   360849803.77272975     
  -493579634.01016939     
   377501171.13941157     
  -167558007.92648906     
   88195198.312804520     
  -36257983.621716700     
   2716295.1850799117     
  -862988.12510517333     
   274089.24155888415     
  -87718.264755716489     
   26845.706888844034     
  -8341.3129980346384     
   6145.3911852501369     
  -2677.5552285659537     
  -3063.8446988047208     
   4161.2575807725134     
  -1446.6887590327458     
   635.26367899914180     
  -638.55212741501623     
  -11484748.210318442     
   18146094.183176268     
   16956952.400170337     
  -35722309.021221213     
   18089839.615551464     
  -16531102.827741276     
   17087800.824354820     
  -8624842.6157569140     
   3471128.8956599319     
  -1448759.8703017358     
   86202.852957495095     
  -32203.673332163933     
   9175.0170536892419     
  -3535.8057670436642     
   1327.6013888225029     
   512.32228989852194     
  -9070.0738511975942     
   15895.595605315648     
  -17072.048565240617     
   9917.9557396791915     
  -1408.7392166460520     
   618.30155117919151     
  -579.78598725734491     
   3236794.7114853850     
  -11768635.415101213     
   13498568.801656738     
  -15902516.540516157     
   20324855.561241023     
  -13512557.482612966     
   4817522.2336640786     
  -763751.44254557404     
   109053.14118497842     
  -47843.905955767317     
   5547.5653982164567     
   3928.2551055618524     
  -1082.8167041439256     
   446.79400919135503     
   583.96278237297599     
  -5211.6558761621081     
   7571.3108345964711     
  -4116.2055091019838     
  -41.792022260040646     
   1803.4409959436566     
  -1113.8306133884860     
   384.63865375061175     
  -344.30426854577723     
  -4263051.1669993326     
   17529073.382562049     
  -20784227.030028671     
   13212268.337194365     
  -8474886.6737080291     
   4276459.1362824049     
  -1921636.5271555719     
   575129.18321577390     
  -243277.96015584323     
   105176.36141826143     
  -12889.062103508626     
   1253.1151589471979     
   1810.1967444570400     
  -1178.1806885531719     
  -859.78007815106753     
   2767.6635827532659     
  -1586.3326071699075     
  -1280.0353266131144     
   1575.5300830050564     
  -1574.9842699315484     
   1369.2208038031006     
  -795.90624890702884     
   389.87846846718162     
   169391.29131203989     
  -466111.86901124724     
   239171.26988796215     
   73816.342504121785     
  -24231.148104488257     
   98429.789236264085     
  -181431.29350975843     
   120853.55162035514     
  -53660.507727863420     
   24582.917034954993     
   140.24802689500927     
  -2165.6618501314201     
   1406.9532510717929     
  -54.132784117876355     
  -423.04937102874760     
  -106.97151080785503     
   21.085558274925607     
   2294.0142370057924     
  -4468.7325265241370     
   2676.9961206967355     
  -45.733381525890046     
  -168.46094727656165     
   76.322888071349311     
  -7111140.4690254275     
   24125562.594800502     
  -11390247.925756846     
  -62561776.393947855     
   159338455.42117655     
  -223758843.79447716     
   177687124.15250772     
  -83849365.519182846     
   44962133.158165172     
  -18497431.984121166     
   1392164.5206624877     
  -439810.08256753028     
   132111.73833300162     
  -34426.676569719013     
   4377.5482644888643     
   1092.1817094271221     
   992.93382948090050     
  -599.65928339873574     
  -2725.8696833857730     
   3253.7895186014343     
  -1198.4904888577112     
   600.94320391877079     
  -375.16495298071868     
  -7033554.1155547369     
   7852617.5384162050     
   18358527.408106383     
  -29377030.885738142     
   15653317.083732348     
  -14542373.009861197     
   14683637.285149857     
  -7379583.5972506600     
   2956451.4754921501     
  -1220092.0120333959     
   63822.175978347725     
  -16682.955851710660     
  -2303.8734337268106     
   7988.8162708548816     
  -5154.6986617393677     
  -1853.7273707678880     
   4947.2764183382378     
  -2917.7826005390002     
  -1002.8373458601939     
   2016.0513299643908     
  -953.79076275497710     
   317.52729141431263     
  -287.73784082003857     
   1232457.6248662684     
  -4023025.1035640370     
   4600746.9261369742     
  -8447013.5583929103     
   13070452.422506506     
  -9050559.1829653662     
   2677582.9494971232     
  -191593.10654345460     
   194623.76728643992     
  -70826.549033969597     
   9829.3656874700882     
  -2089.8155517355799     
  -3797.7289349039620     
   5350.2638602099350     
  -1149.4666775996786     
  -4524.2321142474802     
   9366.5440025120442     
  -11363.921742832747     
   9902.1064214724302     
  -4098.2967253942588     
  -488.18588567489581     
   496.85934218408778     
  -331.88896256565425     
  -3354495.8788927305     
   13889472.012276867     
  -16657547.329682045     
   10889956.934951589     
  -7125870.0720232297     
   3570894.1728754980     
  -1529328.2301355412     
   418627.86862251151     
  -153162.45723042282     
   57211.853899866284     
  -5684.2856917213394     
  -2854.0275661035421     
   5952.1226615694659     
  -5505.4054068856694     
   4182.1177086843227     
  -1915.3937905932078     
  -2773.0276514084217     
   6249.9148507038644     
  -5932.2206522022943     
   1851.8232999187128     
   951.62607795814699     
  -292.03815126785668     
  -187.94917481557283     
   187878.24509476477     
  -516803.85541819193     
   311318.55438543204     
  -191365.44576021630     
   482418.32582737965     
  -436361.94404737867     
   181524.81804885570     
  -38972.229313783399     
   57763.452872353519     
  -45900.282602349551     
   12426.423964934822     
  -5515.0311993090672     
   2003.3095491687202     
  -747.25279878578556     
   635.81107817111865     
  -953.72553354740876     
   1525.9899891651633     
  -2632.8726831505292     
   5487.7995036926432     
  -4372.8223963853507     
   588.16148330364979     
   77.259415389539683     
   101.85487325388598     
  -19552514.759161171     
   67318088.583829865     
  -57326670.268771186     
   22833872.195443891     
  -5241115.8490079530     
  -82600716.988853529     
   125994081.98848325     
  -61077174.602482662     
   15770986.136998469     
  -6488303.1805980084     
   488081.62041144591     
  -154338.11130805066     
   44380.711025877958     
  -8164.9796238652034     
  -2584.6661402108175     
   3242.4055253109364     
  -936.82945053034177     
  -2131.1330561423160     
   5274.1758430196251     
  -3982.9163941092038     
   783.23332277175075     
  -395.81688964670292     
   316.04879993271436     
  -38872426.305725694     
   133904504.98516247     
  -116038250.29197638     
   53228460.199338451     
  -14431728.193334803     
  -185318207.78515020     
   283399988.87843245     
  -137794691.08956981     
   35819075.770414039     
  -14735189.954884231     
   1107243.1556110170     
  -355692.29236162617     
   118032.62653040649     
  -43750.057243804673     
   15878.633284922220     
  -4627.2302672976821     
   2392.6132792154990     
   350.67375452590386     
  -5903.5101867811809     
   5644.4049642099608     
  -1252.8864953468503     
   365.30163269566850     
  -375.96441047686193     
   3255112.6774165118     
  -13600444.416630847     
   15955226.226933431     
  -8477328.2770673204     
   5206737.5007580658     
  -7948391.8611705294     
   9332951.9103199430     
  -4930206.1880551092     
   1953670.9551415290     
  -779365.23228010291     
   41935.356476640874     
  -16256.397889547650     
   7037.7777240939804     
  -5919.2902781446355     
  -60.403062346690874     
  -1.8486038931057318     
   720.66528811041894     
   2102.6953033391364     
  -3005.2054452778111     
   4691.0933173522653     
   36.700275711689883     
  -203.34868919410036     
   130.76601748914459     
  -792193.12872339552     
   3341431.1537292977     
  -4382524.5505970232     
   3885268.8958323798     
  -3492320.0845561880     
   2705529.0512498375     
  -1800942.4554284143     
   657229.74365381466     
  -190498.32673913895     
   71664.620733019547     
  -2797.0243710769487     
  -312.05971290893052     
   1946.2854527470972     
  -4954.1045013548101     
   4810.1785464370332     
   1046.7698446287386     
  -6158.7301489810243     
   6340.3647615515192     
  -9269.0723056300794     
   9197.8153078947053     
  -2876.5614216227400     
   798.11242153055730     
  -672.58541755742533     
  -39369880.374374405     
   135943356.90899494     
  -123196804.54541141     
   73655296.174313441     
  -24003555.952388953     
  -239344139.65620795     
   365971978.68987525     
  -178353657.40359819     
   46875427.680955708     
  -19272255.964959636     
   1443840.4879022590     
  -461695.22857869935     
   149972.45962696351     
  -52271.230123945286     
   19429.293379565948     
  -8093.6009270910736     
   5604.9928868003644     
  -5630.4668590313586     
   7099.1653537562370     
  -3894.8415601469301     
  -348.90404073128360     
   307.03039587220712     
  -37.025158366390279     
   5955338.9418862229     
  -25405520.804134682     
   30357000.790611807     
  -16912259.369833451     
   12970029.348236402     
  -23901861.119734533     
   28324005.050094292     
  -15095455.409783971     
   6073989.2557645915     
  -2487079.1936722072     
   163098.09459787095     
  -48088.532806989781     
   10087.429991082905     
  -4118.9456017085404     
  -1168.3197794035984     
  -17.782822045227238     
   657.37017138965564     
   1171.6742769402572     
  -3747.1169337808292     
   4614.9066665869095     
   136.45734999735828     
  -442.71243663596425     
  -151.02145588242948     
  -3007133.8980648550     
   12837579.657746606     
  -17241097.076814573     
   15856709.289791720     
  -14108063.268840047     
   10285489.610593250     
  -6554980.0511567267     
   2373270.3013090398     
  -721232.85703643353     
   297003.74285480031     
  -25214.980685580009     
   13109.667665944586     
  -10495.407327619047     
   7562.7569092795475     
  -1568.5604215984281     
  -3028.2800053868796     
   1537.7578720926094     
   2598.3187757956316     
  -343.91667045433041     
  -3984.2931159188738     
   2800.0711315024046     
  -1108.8578278962927     
   1013.7258660020290     
   605419.78299673437     
  -2026352.6515178545     
   1903603.6231258777     
  -1260455.0344839147     
   1336995.2960852978     
  -832249.01488475117     
   345580.95154199103     
  -95929.535924579526     
   41568.678860351552     
  -21125.210924332561     
   6119.9456839455770     
  -6226.8969988289564     
   4153.1571164111856     
   381.23310345851974     
  -4174.9520956447459     
   5289.7432591347297     
  -3093.7328022336783     
  -1709.5694861719210     
   6713.1202534699241     
  -5164.0123420137634     
   549.32101854278983     
   454.26807426801088     
  -517.97223372788767     
  -6384.1528303471559     
   14485.844815920256     
  -23966.688310227135     
   82360.515174951084     
  -112923.48246517844     
   55936.524483022920     
  -9179.3205988364425     
   4444.3851657842488     
  -21943.266154090830     
   22874.194005104586     
  -9308.1267417518466     
   5666.5429296151569     
  -3621.1328526935013     
   3408.6554285798102     
  -3715.6680707509454     
   5499.5137518281254     
  -8803.5363410380323     
   7282.3114096595737     
  -3338.7364555905697     
   1967.7066116726594     
  -1074.3312992326094     
   616.59425291338584     
  -118.52745949903017     
  -29620526.398004316     
   103061706.35784644     
  -101326502.95061776     
   82436523.571983770     
  -31611415.934403282     
  -240341255.80221194     
   367001030.36940610     
  -178590836.86837035     
   47357477.583208457     
  -19471387.268706735     
   1458143.5150484804     
  -463470.28489607974     
   142669.70017064805     
  -39797.383847794496     
   7382.3508541279198     
   2473.6933161228385     
  -5115.3553370442978     
   5449.3960999266828     
  -7780.2617387607334     
   7209.9571623862967     
  -2416.8279012490702     
   1078.7234193566328     
  -1233.3242876188547     
   6476955.6688648202     
  -28576690.958089571     
   35151556.257115103     
  -20975461.129927471     
   20976994.323483441     
  -45401902.277880929     
   54295425.285873227     
  -29095724.521663003     
   11734638.478519676     
  -4845655.2881660005     
   354566.35934764857     
  -120493.46638165323     
   38878.702233003445     
  -15072.393847099338     
   1983.6970595635248     
   3139.3107143159345     
  -3936.9533735121881     
   2116.1992099144813     
  -4386.8730420337988     
   4171.6627444771902     
  -595.39045194182950     
  -420.13121745584073     
  -244.22619878482902     
  -4561453.0246480135     
   19811893.761761006     
  -27490431.370108038     
   26558346.190859254     
  -23463650.022545066     
   15867146.016122712     
  -9422838.7853069063     
   3311414.3419818282     
  -991153.26813226240     
   402252.56406403356     
  -26860.654769893332     
   4800.0611377146461     
   2904.2293940339437     
  -5216.5265600317834     
   3048.5700568005423     
  -580.69284458419588     
   2522.5836339136131     
  -2417.6291038040399     
  -3121.7728757221726     
   5456.7759159387888     
  -2713.7301901895567     
   1716.2398071931775     
  -1980.8077141833514     
   1629899.6102830656     
  -5389378.1436469685     
   5074871.9539089184     
  -3726202.7086189850     
   4216692.3868255708     
  -2741488.5311365407     
   1210010.9435408765     
  -359310.21622126870     
   129656.20609463989     
  -43971.283317102811     
  -3132.9502788388559     
   4731.7099027403719     
  -2298.8579411528199     
  -2429.7063313516560     
   3954.7929318421257     
  -1459.8463861283853     
  -919.28592732161917     
  -1066.5455666554697     
   5426.6091585025260     
  -3551.5076551646648     
  -344.31585150352720     
   988.52765001726789     
  -1366.2159623057887     
  -24968.386610840949     
   17718.031445160599     
  -14399.317988492783     
   317522.45089994249     
  -530345.99773073650     
   295132.53728082258     
  -54493.157067061089     
  -6847.8506742947538     
  -2723.5055596174279     
   4096.1002438565256     
  -880.80247791726242     
   114.50758364659995     
  -11.824421314932248     
   1594.5160347780948     
  -3096.3458489471618     
   3599.9379363321304     
  -4176.5261773516922     
   3990.9235166133508     
  -5507.4119369831096     
   4834.1658212358489     
  -1358.4928804724959     
   238.20331349707141     
   88.388916863157561     
  -16294154.933666049     
   57504677.480429448     
  -63263479.571831800     
   67507049.803299531     
  -29151279.019870721     
  -175082385.48153150     
   266892444.77071160     
  -128903838.93000127     
   33957349.820332222     
  -13957858.142776905     
   1044249.1067737516     
  -333215.31984494266     
   107660.41849637488     
  -38824.820613550568     
   17110.918374507233     
  -10950.733372326869     
   10796.777821639162     
  -9240.9747337961526     
   8985.1585492269260     
  -5739.6544916323310     
   610.38492105088187     
  -13.570383220840320     
   180.71259657722760     
   4983525.3687366499     
  -23156125.346465550     
   29768297.739702303     
  -19614176.409450877     
   25260021.994554013     
  -60358121.966154605     
   72495350.909697756     
  -38931286.920197673     
   15642933.072520103     
  -6440594.4835859314     
   475587.93165374646     
  -164751.08565362752     
   55137.597502950273     
  -18246.940847927657     
   640.51171873405485     
   8055.4327130695983     
  -12426.305099221614     
   10628.689287514511     
  -10427.996647719305     
   7770.8004842384853     
  -1924.6859741843496     
   13.727795278944981     
   415.24157532570496     
  -3780626.6266181506     
   16803184.955751568     
  -24347308.425899874     
   25227798.294713076     
  -22611737.619645707     
   14292493.200269323     
  -7580621.3968048161     
   2475808.6073464914     
  -780519.39118079410     
   319072.34309860959     
  -21474.259217702489     
   2451.2193082386407     
   4949.0608963051991     
  -5930.7222847722942     
   564.35720902246169     
   7775.5781871076060     
  -14406.257648278319     
   14469.106932903942     
  -11995.399203818772     
   6889.7627426927493     
  -776.24475213599146     
  -302.13322468254182     
   368.38880086780659     
   2236912.7892711824     
  -7200227.1193034044     
   6632312.9167496953     
  -5328346.1206670552     
   6530684.8513528015     
  -4425726.7813101429     
   2050246.1419876332     
  -663181.06342379190     
   291445.67689276434     
  -136849.51488450682     
   17692.801234813251     
  -5986.3553188191463     
  -1151.9294212080258     
   6177.1494045513236     
  -3162.7919994335043     
  -7755.9271665316046     
   15518.466831683656     
  -11575.142377809581     
   140.17150033432179     
   4969.1057239262136     
  -2377.2389351448019     
  -135.01060765299951     
   689.62241688448046     
  -57389.349863727912     
  -27065.727520559572     
   198275.93698707235     
   350122.62059563427     
  -922366.07570195186     
   631170.20697812724     
  -187604.17364738221     
   21001.881685568675     
  -3644.6674559141807     
  -6133.4103456602388     
   6795.1701037732910     
  -5292.3811224672481     
   2216.7741496238637     
   246.29766282303356     
   606.69195030850597     
  -3775.1073144153256     
   7649.1101395761207     
  -7250.8807883909831     
   3680.1968024381376     
  -1503.6233030973281     
   316.95360658859704     
   215.83901957458573     
  -802.91659644160313     
  -4810067.9116718955     
   17401816.322339017     
  -22223637.364077263     
   29056255.803362563     
  -8339225.3875480993     
  -86579888.184319764     
   124481369.73983775     
  -57154102.831253134     
   13335997.247609999     
  -5478789.2418347588     
   410355.06873118441     
  -131903.57287590776     
   38923.234998832660     
  -5349.6676005196377     
  -4533.2178243794297     
   5793.1884982493484     
  -5314.6558327044831     
   2537.1592248449701     
  -465.35296845080222     
   789.33773214991504     
  -657.58884654540009     
  -76.136641860845771     
   397.90341965706392     
   2795918.9578906442     
  -13838360.774818629     
   18740240.080529921     
  -13725777.282153113     
   20943045.181803692     
  -52218820.213704281     
   62759538.609919176     
  -33740108.565479681     
   13583083.184094014     
  -5612532.6330757886     
   422911.03563784831     
  -141555.81239571315     
   43729.215555246294     
  -16047.089845499406     
   6389.3572165114419     
  -2777.9686742007425     
   4059.1270539316074     
  -5775.4854677443473     
   6746.5358566268023     
  -4824.7829486804922     
   1130.2298706375559     
  -391.82777418938446     
   186.86092750195971     
  -1222027.4693653451     
   5833239.3670627773     
  -9764162.9587141108     
   13078004.180054940     
  -13537103.213100186     
   8291783.7754688850     
  -2999179.4970511994     
   511695.98921179428     
  -303441.16931189690     
   116144.59995310678     
  -7290.6378609017984     
   4110.8449632625998     
  -3932.9748645099162     
   4679.3454089473535     
  -3970.4640583311107     
   1456.3887697570615     
   651.12632805244391     
  -1530.4521406270778     
   2267.0494578825242     
  -1270.9029201101591     
  -254.40849891693281     
   62.984630818342950     
   410.33885142908792     
   1670585.7635499097     
  -5146280.7577305008     
   4516611.7487334451     
  -4030571.7817106615     
   5452660.4136830857     
  -3829082.9505563295     
   1815320.1350065179     
  -595365.55112113408     
   240151.40218512312     
  -99819.705290787635     
   7742.1903323688193     
  -3726.3946837345766     
   3276.6132393100161     
  -1912.5700173501421     
  -200.60391251211703     
   2300.8216428290189     
  -2404.8947535652774     
  -1365.5076582928668     
   7702.0075972697377     
  -7141.0257478678695     
   1602.9747934298387     
   11.733531383811847     
  -19.207991696353371     
  -117146.77036516575     
   140996.46546946716     
   59049.350810691823     
   570262.37256635737     
  -1338249.8816939776     
   1044149.3235560128     
  -436197.65964813682     
   108289.29462888879     
  -58567.481289423857     
   31235.434236106539     
  -6727.1312746718349     
   6558.9502125155750     
  -7230.4159235337020     
   5228.9699544835858     
  -3186.1673430385827     
   5458.9485954604870     
  -8504.0863982097053     
   7253.7184121666014     
  -7301.8707353048294     
   6228.9125789738591     
  -1818.4590105593054     
   275.97792736457109     
  -60.852274650980981     
  -7919043.7350152489     
   25296221.067152560     
  -7729517.5048033893     
  -40441035.028742053     
   45429811.476710998     
   22796028.125498969     
  -81354606.560758114     
   55417952.160002239     
  -18780969.931460060     
   7723773.3572345236     
  -578912.56409933767     
   186198.38740901084     
  -62273.477275507139     
   22043.319100365788     
  -6664.6152761513367     
   1245.5368341093406     
  -1116.4309039769971     
   1616.1244212322476     
  -987.31360190748740     
   62.577544135030728     
   178.24106205766520     
   130.91053613723744     
  -228.25252928226132     
  -16924887.129002851     
   54419488.574065454     
  -18085465.796076410     
  -84714534.010338753     
   96118285.652752534     
   55925286.968373470     
  -187024034.47624755     
   126683748.23581436     
  -43123001.939922988     
   17731092.914117564     
  -1326893.9216849967     
   422246.77712257951     
  -133283.59394181622     
   42150.357629465041     
  -12460.583073142918     
   2283.6314891588077     
   729.96519722033236     
  -1445.9441389609417     
   1896.9711402225325     
  -1406.7552737704541     
   171.33795415058839     
   50.711726314383988     
   21.141075297939619     
  -336005.38196824840     
  -2059168.5210365290     
   5975756.3322940217     
  -4867742.3639059495     
   2482673.3139176518     
  -3218306.5007053972     
   3532943.2933011283     
  -2003646.4971850300     
   803138.31852791656     
  -350996.77406970510     
   58420.612297871805     
  -19961.501838509124     
   11681.372792654660     
   858.94066408631488     
   1688.7646994311272     
   197.07686265449848     
  -1878.8157501142166     
  -844.54895663160210     
  -4173.4556377171675     
  -187.53240059293572     
  -2892.0618207222060     
   221.53909223234021     
   326.73764714315433     
   370299.70249352127     
  -1078609.0438031950     
   528437.85191356600     
   381932.23432627000     
  -83194.109175344216     
  -490517.90563204727     
   594794.82192836062     
  -277608.91196806915     
   97179.474950218602     
  -46764.327054633635     
   5634.1074073829004     
  -2759.2263790011411     
   2439.7716138348060     
  -2745.2925673043246     
   1888.7945310295675     
   983.96293253241788     
  -2498.8645468416189     
  -363.17325746381510     
   5822.8221753778644     
  -5744.0816806982320     
   1678.5672875375542     
  -572.86565398574305     
   321.22621812235013     
  -19890242.420140423     
   64719720.812130213     
  -24347096.473320365     
  -98483477.233988062     
   117271944.04585311     
   73714712.278021067     
  -244227777.92673740     
   166051396.55712149     
  -56862151.566642754     
   23379253.432523735     
  -1750797.9130588069     
   560324.97032488044     
  -180058.89351911240     
   57913.084944243477     
  -16112.477921665804     
   4008.6228855755667     
  -3883.0785673992118     
   3545.1627753887119     
  -2095.8306453691885     
   1200.3923887641956     
  -476.96482937168423     
   466.19203604768779     
  -623.17514699526407     
  -933936.42908291100     
  -3047151.1557970890     
   11026043.074987687     
  -9823589.7966161259     
   5905423.2964671003     
  -9290934.6084170658     
   10653875.436651461     
  -5981671.3964782367     
   2412849.3792895894     
  -1021401.6880554124     
   122634.86125841393     
  -35784.806514053322     
   11565.447579223162     
   5285.5175107030173     
   494.50712657538429     
   1151.6748215063838     
  -987.03278648980779     
  -1352.9845945973675     
  -2236.7549803110633     
  -485.85537787769107     
  -1394.0545640670455     
   747.38607771022146     
   592.08533854693553     
   1391758.1386516069     
  -3908407.2251036875     
   1545274.4829555568     
   2038581.2509469050     
  -745191.00153332471     
  -1785211.9130022358     
   2419043.2143620281     
  -1187234.7214761595     
   379875.47826886235     
  -156520.27071396657     
   8876.1893876843187     
   486.40038734214335     
  -4236.1652197354915     
   5762.6561032493810     
  -3646.5752027778758     
   39.917886306950443     
   3193.6252157554968     
  -4697.3743910250550     
   3549.9407084988002     
  -477.92972729553492     
  -1227.9755761731274     
   894.36689829926206     
  -756.63279282210226     
  -199265.14860248551     
   780910.54296388559     
  -844823.06079354428     
   516675.04875710403     
  -449268.68062579801     
   284799.23216157523     
  -110124.16721153220     
   29813.908680988035     
  -16917.480681077079     
   8698.1575527266250     
   2293.4013344824280     
  -9795.7562097179944     
   14182.577003761258     
  -10399.343466583339     
   2781.0336670638289     
   4312.3508788548834     
  -12642.771159373200     
   16616.261219569325     
  -15365.733985034421     
   7751.1037951172684     
   109.87857104205104     
  -1125.9979308084917     
   1288.1695635751685     
  -463.12206205912508     
  -8248.2142278156807     
   32825.375060744744     
  -67034.342235358810     
   71027.963696232357     
  -33262.127534192616     
   1899.9806343419416     
   8167.1028608797224     
  -18427.825227698791     
   17489.498490904407     
  -6839.0343985406180     
   5119.9656269451007     
  -3593.7080955147799     
   1785.7542650266496     
  -1559.6270483033668     
   5483.4855439272606     
  -12293.745294439026     
   14222.632188222804     
  -14205.390439369765     
   9669.0327858278688     
  -2083.9301810168190     
   700.15306592133504     
  -551.28240362334782     
  -18010936.125978895     
   59457135.596876547     
  -25199216.251041412     
  -90628928.136907756     
   118219237.50535014     
   64791641.708900787     
  -240249287.95686692     
   166671539.09770998     
  -57253478.168898210     
   23536466.158923145     
  -1760504.4513100949     
   561773.36251712567     
  -179040.44705884455     
   57313.807374100434     
  -16736.655178467561     
   3947.3343484352094     
  -1254.8742191379888     
   1269.5576109350950     
  -3287.2809405860330     
   2882.3226159686651     
  -479.62255045485932     
  -497.95815619874998     
   942.15893845809262     
  -1781878.9401059074     
  -1664802.8360308243     
   12093650.003715646     
  -12430635.293508064     
   9109993.9127312340     
  -17171625.958780892     
   20351274.962918978     
  -11348473.329559844     
   4573218.2666257517     
  -1880564.8452643298     
   177363.70616490085     
  -47143.391634564803     
   13748.456207260178     
   3588.5599247791733     
  -56.923202530752874     
   2525.1811903456951     
  -930.24696260936685     
  -34.423966270384682     
  -1563.2996878167951     
   1289.2940785334808     
   188.33533385111679     
   656.17066529348131     
   101.24588718252501     
   2070146.2788018840     
  -5390998.9101289809     
   1020973.5808899796     
   4741695.2790162237     
  -2298814.3467137548     
  -2372308.1141127623     
   3838308.6105388789     
  -2017923.8511288662     
   675767.14830987039     
  -285318.05758668995     
   24931.501732044351     
  -7976.4289413652959     
   686.96037074576680     
   1528.1863544967880     
  -1160.0150197513531     
   1286.9044347027645     
  -1065.6243065707888     
  -737.97119356508358     
   5189.9564823858618     
  -6160.6835318133399     
   2378.0588858043416     
  -830.48674973728032     
   614.68367134082382     
  -553191.43557840970     
   2170131.4022546378     
  -2367869.5505407806     
   1544309.0734083066     
  -1439306.6448276876     
   979484.81140934874     
  -429384.92377412191     
   125177.71596223797     
  -45037.174100081938     
   14217.333245653637     
   5037.7576870566609     
  -6865.6573780558829     
   6085.3278676001310     
  -4571.3897176100063     
   3601.1172995027091     
  -7794.7714063137792     
   16402.684521278676     
  -18817.256826528872     
   18966.256381604820     
  -12585.336200770291     
   2190.8829893644224     
  -461.33835344654460     
   721.81458418849411     
  -3367.7788603324020     
  -29694.832631447087     
   123850.34712590033     
  -257973.22242280853     
   287963.39880212286     
  -149164.69538586185     
   25044.773798954269     
   396.83717196860499     
   10103.469265719747     
  -8266.3459724308577     
   1637.7173588421688     
  -1930.8041891626870     
   3791.7715773451596     
  -4505.6267210575679     
   2794.9445209564237     
   639.48937347099763     
  -3477.4645299031458     
   2093.0347042711624     
   2408.9658394100907     
  -3194.8756303395207     
   921.05456640499233     
   227.98099778724028     
  -706.34173033481613     
  -11800744.038068134     
   39532125.153358035     
  -18611063.390486617     
  -60844667.181522027     
   86859325.952562585     
   40383757.511519618     
  -171126990.09117523     
   121035108.21722603     
  -41533561.148552537     
   17074704.371141884     
  -1277322.4340170715     
   407192.60094182921     
  -128186.22737250413     
   38172.712416439841     
  -8513.4928182203384     
   772.91886007850781     
  -423.28150295910979     
   63.725680350027098     
   1348.9387112036900     
  -1318.0213075211648     
   89.571621301566466     
   714.56036678875125     
  -1162.1922219205476     
  -2430756.4162415820     
   915058.09005771729     
   9527048.9465241209     
  -11922546.921888938     
   10598918.094953850     
  -22537874.285881553     
   27149859.711931340     
  -15070572.611504044     
   6031285.7978781275     
  -2418444.6158211958     
   182235.12219368370     
  -37278.575699778768     
   9447.6777752045327     
   3472.2960912855806     
  -2260.5556683166410     
   4112.5291306200743     
  -5922.0018402662254     
   6209.9195368688779     
  -6094.8281623933781     
   4440.4100213564543     
  -643.82831640779978     
   282.50179761142238     
   126.53055770150937     
   1652745.5015218032     
  -3607941.5945516136     
  -1224582.0288514977     
   6285665.0430011526     
  -3365567.8928027460     
  -1389686.4238362673     
   2940529.1197882365     
  -1638673.4557786216     
   568724.15875918965     
  -234838.34736180128     
   19379.669561419254     
  -9795.2509388487360     
   7275.4806483554848     
  -6901.3314291053357     
   7191.1933374841237     
  -6700.6018727196379     
   3212.6174567943308     
   2926.8546635344333     
  -8920.5356933214825     
   7475.9510068462560     
  -1684.8501987499189     
   293.56137721510032     
  -267.68167123086351     
  -796688.16286096326     
   3106932.8464472480     
  -3346645.9572231346     
   2186693.1135688066     
  -2158353.5728257042     
   1582445.2601567572     
  -771890.38047926384     
   270388.90310891176     
  -142442.50064457455     
   80658.942280232310     
  -16950.899931363809     
   6976.0496775418778     
   1137.9034801084611     
  -3569.7161168911921     
  -426.89468873735245     
   8868.3835137123569     
  -19869.676245199866     
   22198.937769611370     
  -20210.471082330962     
   12660.220734707345     
  -2190.5238791171646     
   1067.7412237621777     
  -1577.5556014508845     
  -3053.1560748036850     
  -53739.063869716570     
   181968.82186627371     
  -380770.13527293323     
   481392.40328124049     
  -308073.19170826027     
   86827.279594167034     
  -7285.2067905828262     
   5633.0803441852077     
  -4071.1469906883117     
   2127.9333962596838     
  -1846.7805818750446     
   2186.0973816159417     
  -3472.3869463543256     
   4638.4867224707568     
  -6274.5625445254609     
   7985.4060076658416     
  -4659.6018875647169     
  -3284.4904530934955     
   5473.4839984332293     
  -2016.2301139701915     
   496.14788634627342     
  -160.07456222206832     
  -3931433.5638620276     
   13222858.266419800     
  -6004005.3747776644     
  -23361161.512526214     
   31427340.431158960     
   30073082.547169019     
  -87980657.472472176     
   58636082.943693347     
  -19746188.089055467     
   8126670.3219073741     
  -609853.31863387406     
   193411.73807264259     
  -60932.596141035043     
   18828.442316128454     
  -3883.1221953263685     
  -1423.9050838366838     
   1473.0336279805406     
   1472.5968758250183     
  -5134.6725026160002     
   4197.7914739675789     
  -731.72101070785766     
  -272.11420945571871     
   518.39782987855438     
  -2141491.9602483059     
   2078968.9416543895     
   5596170.5758019025     
  -8498860.1143167876     
   8637861.8794788867     
  -19419718.690258760     
   23512485.322731603     
  -13024426.136641938     
   5212724.2508759052     
  -2077514.6831352140     
   139927.08849082276     
  -20413.745987601109     
   1443.2674985196284     
   3608.5565045355470     
  -713.61128932728263     
  -556.24882305368612     
   1456.3904247915048     
  -2321.8560349891991     
   2851.4165627514653     
  -1985.2029269502843     
   551.80149736410772     
  -109.82999373736848     
   49.199478592931563     
   542900.24959385116     
  -628194.39857746800     
  -1873364.3698036000     
   3289369.0808809563     
  -1258269.2041266761     
  -129372.34478709791     
  -74726.356292491793     
   131332.40008761804     
   2774.3823170444780     
  -3025.6547735514332     
   1178.1067963292508     
  -952.57545608684245     
  -1049.4766136543240     
   3765.7865507441870     
  -4360.3798425411269     
   4138.4892096786753     
  -4489.5247376256439     
   4602.6458731087259     
  -5265.6200455739263     
   3436.4967866204474     
  -437.50288533802825     
  -22.989093713573158     
   100.02140925259484     
  -606488.79220891092     
   2342890.6187593485     
  -2455178.0881362613     
   1564717.7905278401     
  -1670721.2255925946     
   1320810.5822078506     
  -677188.65783534455     
   244753.07621706635     
  -111596.39926813767     
   52228.673782030106     
  -7850.6961788358713     
   8525.0560085987800     
  -8567.4269149365282     
   4276.7477546203127     
   1291.7793417129155     
  -4409.1204672426302     
   4000.6650307624282     
  -2439.7041145808912     
   3209.8975715357624     
  -3195.9749705292497     
   1223.5886528687759     
  -930.68739104759334     
   1183.8825028423369     
  -4885.8273621424569     
  -46636.859110888348     
   203655.73303019453     
  -526569.33031126985     
   737624.75839103991     
  -558611.58740878117     
   237902.19081245369     
  -58095.256782329809     
   22734.343224136326     
  -6436.5105856407636     
  -1761.9202328884207     
   1620.3227260888748     
  -574.81668173733942     
   1201.2426228565362     
  -4198.6909843591466     
   6668.6109122615944     
  -4097.3374116095920     
  -1813.2227055978437     
   6222.3266108000371     
  -4693.0961419365149     
   820.57236875982187     
  -201.12016315174151     
   152.84348355090523     
